011111100011000110001100011000111111
100011001010100110001000010000100001
201110100010000100010001000100011111
301110100010000100110000011000101110
400010001000100111111000010000100000
500000001110100001000001110000101111
600000001100100010000111101001011110
711111000100010001000100000000000000
811111100011000111111100011000111111
911111100011000111111000010000111111
000000001000101001010010100010000000
100100001000010000100001000010000100
200000001100100100010001000111100000
311111000010000111111000010000111111
410001100011000111111000010000100001
511111100001000011111000010000111111
611111100001000011111100011000111111
711111000010000100001000010000100001
801110100011000101110100011000101110
901110100011000101110000010000111110
001110100011000101110000000000000000
100000001000110010100001000010000000
211111100011000100010001000100011111
300000011100001001110000100111000000
400000001000100011100001000000000000
500000001100100000110000010111000000
601110100011000001110100010111000000
711110000010001000100010001000000000
800000001000101000100010100010000000
900000011001001001100000100110000000